========================================================================================================
12
26
1 2 18 1 3 1 4 1 2 18 1 0

/*
 abracadabra
 'a':1 'b':2 'c':3 'd':4 'r':18 '\0':0 
*/
========================================================================================================

P   :   0,   1,   2,   3,   4,   5,   6,   7,   8,   9,  10,  11, 
--------------------------------------------------------------------------------
T   :   1,   2,  18,   1,   3,   1,   4,   1,   2,  18,   1,   0, 

SA  :  11, (10,   7,   0,   3,   5,) (8,   1,)  4,   6,   9,   2, 		Ejemplo busqueda 2 (posiciones 6 y 7)




i		SA[i]	T[SA[i]]
-------------------------------------------------------------------------------
0		11:		0, 
1		10:		1,   0, 
2		7:		1,   2,  18,   1,   0, 
3		0:		1,   2,  18,   1,   3,   1,   4,   1,   2,  18,   1,   0, 
4		3:		1,   3,   1,   4,   1,   2,  18,   1,   0, 
5		5:		1,   4,   1,   2,  18,   1,   0, 
6		8:		2,  18,   1,   0, 
7		1:		2,  18,   1,   3,   1,   4,   1,   2,  18,   1,   0, 
8		4:		3,   1,   4,   1,   2,  18,   1,   0, 
9		6:		4,   1,   2,  18,   1,   0, 
10		9:	   18,   1,   0, 
11		2:	   18,   1,   3,   1,   4,   1,   2,  18,   1,   0, 



BWT :   1,  18,   4,   0,  18,   3,   1,   1,   1,   1,   2,   2, 

========================================================================================================

5
13

  0   1   2   3   4   5   6   7   8   9  10  11  12  13  14  15  16  17  18  19  20  21  22  23  24  25 
--------------------------------------------------------------------------------------------------------
  0   0   1   2   3   4   4   4   4   4   4   5   6   6   7   7   7   7   7   8   9  10  11  12  12  12 
  0   0   1   2   2   2   2   3   3   4   5   6   7   7   8   8   8   9  10  11  11  12  12  12  12  12 
  0   0   1   2   3   4   5   6   7   8   9  10  11  11  12  12  12  12  12  12  12  12  12  12  12  12 
  0   1   2   3   4   5   6   7   8   9  10  11  12  12  12  12  12  12  12  12  12  12  12  12  12  12 
  0   1   2   3   4   5   6   6   6   7   8   9  10  10  10  10  10  10  10  10  11  12  12  12  12  12


Buscar 2 posicion 0

	00010

	iteracion	bit		resultado
	0			0		0
	1			1		7
	2			0		6
	3			0		6
	4			0		6
	


Buscar 2 posicion 12 (N)

	00010

	iteracion	bit		resultado
	0			0		6
	1			1		11	
	2			0		10	
	3			0		10	
	4			0		8


===========================================

Buscar 1 posicion 0

	00001

	iteracion	bit		resultado
	0			1		6
	1			0		2
	2			0		1
	3			0		1
	4			0		1
	


Buscar 2 posicion 12 (N)

	00001

	iteracion	bit		resultado
	0			1		12
	1			0		7
	2			0		6
	3			0		6
	4			0		6

