23
7
1 2 3 6 1 4 3 6 1 4 5 4 3 6 1 4 5 4 5 4 3 6 0 

A B C ; A D C ; A D E D C ; A D E D E D C ; $ 

P    :   0,   1,   2,   3,   4,   5,   6,   7,   8,   9,  10,  11,  12,  13,  14,  15,  16,  17,  18,  19,  20,  21,  22, 
--------------------------------------------------------------------------------
T    :   1,   2,   3,   6,   1,   4,   3,   6,   1,   4,   5,   4,   3,   6,   1,   4,   5,   4,   5,   4,   3,   6,   0, 

SA   :  22,   0,   4,   8,  14,   1,  20,   2,   6,  12,  19,   5,  11,  17,   9,  15,  18,  10,  16,  21,   3,   7,  13, 

BWT  :   6,   0,   6,   6,   6,   1,   4,   2,   4,   4,   5,   1,   5,   5,   1,   1,   4,   4,   4,   3,   3,   3,   3, 

$ : 0
; : 6
A : 1
B : 2
C : 3
D : 4
E : 5

SA:
[   0]   22 :   0
[   1]    0 :   1  2  3  6  1  4  3  6  1  4  5  4  3  6  1  4  5  4  5  4  3  6  0
[   2]    4 :   1  4  3  6  1  4  5  4  3  6  1  4  5  4  5  4  3  6  0
[   3]    8 :   1  4  5  4  3  6  1  4  5  4  5  4  3  6  0
[   4]   14 :   1  4  5  4  5  4  3  6  0
[   5]    1 :   2  3  6  1  4  3  6  1  4  5  4  3  6  1  4  5  4  5  4  3  6  0
[   6]   20 :   3  6  0
[   7]    2 :   3  6  1  4  3  6  1  4  5  4  3  6  1  4  5  4  5  4  3  6  0
[   8]    6 :   3  6  1  4  5  4  3  6  1  4  5  4  5  4  3  6  0
[   9]   12 :   3  6  1  4  5  4  5  4  3  6  0
[  10]   19 :   4  3  6  0
[  11]    5 :   4  3  6  1  4  5  4  3  6  1  4  5  4  5  4  3  6  0
[  12]   11 :   4  3  6  1  4  5  4  5  4  3  6  0
[  13]   17 :   4  5  4  3  6  0
[  14]    9 :   4  5  4  3  6  1  4  5  4  5  4  3  6  0
[  15]   15 :   4  5  4  5  4  3  6  0
[  16]   18 :   5  4  3  6  0
[  17]   10 :   5  4  3  6  1  4  5  4  5  4  3  6  0
[  18]   16 :   5  4  5  4  3  6  0
[  19]   21 :   6  0
[  20]    3 :   6  1  4  3  6  1  4  5  4  3  6  1  4  5  4  5  4  3  6  0
[  21]    7 :   6  1  4  5  4  3  6  1  4  5  4  5  4  3  6  0
[  22]   13 :   6  1  4  5  4  5  4  3  6  0
