11
6
1 2 4 5 1 2 3 2 4 5 0 

A B D ; A B C B D ; $ 

P    :   0,   1,   2,   3,   4,   5,   6,   7,   8,   9,  10, 
--------------------------------------------------------------------------------
T    :   1,   2,   4,   5,   1,   2,   3,   2,   4,   5,   0, 

SA   :  10,   4,   0,   5,   7,   1,   6,   8,   2,   9,   3, 

BWT  :   5,   5,   0,   1,   3,   1,   2,   2,   2,   4,   4, 

$ : 0
; : 5
A : 1
B : 2
C : 3
D : 4

SA:
[   0]   10 :   0
[   1]    4 :   1  2  3  2  4  5  0
[   2]    0 :   1  2  4  5  1  2  3  2  4  5  0
[   3]    5 :   2  3  2  4  5  0
[   4]    7 :   2  4  5  0
[   5]    1 :   2  4  5  1  2  3  2  4  5  0
[   6]    6 :   3  2  4  5  0
[   7]    8 :   4  5  0
[   8]    2 :   4  5  1  2  3  2  4  5  0
[   9]    9 :   5  0
[  10]    3 :   5  1  2  3  2  4  5  0
